{
  "bases": [
    [
      -0.19392471592030647,
      0.04411531604031795,
      -0.43728489583063934,
      0.36994597944546465,
      -0.2068431158144707,
      0.03760501981774568,
      0.07121971818155076,
      -0.2947421617348239,
      -0.07595616673317833,
      -0.010159847054937525,
      -0.057232254579200066,
      -0.06535632467995933,
      0.16719033213551732,
      0.12412463026742049,
      -0.5558056777343362,
      -0.2793415489045495,
      -0.16049946526581538,
      0.07505862970217943,
      0.14526159813980516
    ],
    [
      -0.2656355226601409,
      0.17857614825348941,
      -0.36668152891940253,
      0.17515244179854395,
      -0.19343434575449003,
      -0.18851492477344306,
      0.0862867323509226,
      0.03420508615400018,
      -0.14472583195497538,
      0.15199344104786694,
      0.2854095400647041,
      0.2802189817464447,
      -0.4556721686772727,
      -0.022978350548521043,
      0.4504505481291476,
      -0.035612876932159976,
      -0.08745472855918317,
      0.1600052465070817,
      0.03502182548060832
    ],
    [
      -0.03807362354144607,
      0.22188005431501437,
      -0.20232983749359973,
      -0.2904784447632297,
      0.2961326835018756,
      -0.2011636900784813,
      0.2144817333844068,
      0.5197593987846876,
      0.028909120113169467,
      0.10283599256672232,
      0.04758630825694388,
      0.37014766428260826,
      0.22642050585856044,
      0.3184833304309468,
      -0.2268194607265261,
      -0.14077666861275037,
      0.003594363770365031,
      -0.06989288586131384,
      0.012051082104316838
    ],
    [
      -0.35595736658972116,
      0.1053698550422967,
      -0.16704829867479226,
      0.054877929355180266,
      0.10920976395140901,
      -0.33188219623826615,
      0.12082708099251814,
      -0.03005756451067435,
      -0.2645833851318406,
      -0.14212972417943795,
      -0.29937241198609466,
      -0.16278748285172542,
      0.5042690449064685,
      -0.28935356296205733,
      0.29137435037752407,
      0.1914865425778498,
      0.15901161526786317,
      -0.046564743510066994,
      -0.01841078900111639
    ],
    [
      -0.34418675931430415,
      -0.0757522080875809,
      0.21142364264941427,
      0.014620047960417517,
      0.15462977866228678,
      -0.3031322585984011,
      -0.08485458635534003,
      0.2944447395824371,
      -0.005091968972064026,
      0.32557607066613176,
      -0.06531222334069686,
      -0.3370471389003447,
      -0.2898305815197908,
      -0.2665245064134723,
      -0.34223991312586866,
      0.07588115362036676,
      -0.3003349544384548,
      0.15526702520286595,
      -0.07114456184077836
    ],
    [
      -0.34681520087704265,
      -0.20594835484585441,
      0.11286631988382831,
      0.2895743598447559,
      -0.06458967916670254,
      0.05267938189693768,
      0.07354303128988712,
      0.04482447687442157,
      0.17764306222742476,
      0.3572814687296766,
      0.20048001509068752,
      -0.10428594453396413,
      0.060257671656712544,
      0.34283031943409314,
      0.02320341557380548,
      0.2420482894003303,
      0.35252523410809344,
      -0.4458323351091791,
      0.11288410324390719
    ],
    [
      -0.0862717589267187,
      -0.13327861965803658,
      0.33678721741891987,
      0.2862699663339983,
      0.17172894461314114,
      -9.586528477558472e-05,
      0.565969775178806,
      -0.00023457473879317028,
      0.2507381368924568,
      -0.19708954882622812,
      0.18198013974963512,
      -0.06481443745776688,
      0.17069418726913882,
      0.09084750838389312,
      0.2186688461503762,
      -0.24028931645935814,
      -0.3001144627746162,
      0.2392282601765481,
      -0.01816469338521223
    ],
    [
      0.3017284178643866,
      0.19688280224843074,
      -0.058371677793473103,
      0.19498216681546252,
      0.05638439358832412,
      -0.36171788808559074,
      0.2886713870101877,
      0.061917280552262664,
      0.01191888622604607,
      -0.33312904261298265,
      0.08518959574078167,
      -0.2843174300489392,
      -0.36687254589073726,
      -0.08477059243586861,
      -0.17444495849663164,
      -0.10337179330005386,
      0.36362293050934985,
      -0.28708016655449425,
      -0.10412608682246577
    ],
    [
      0.37891604545719326,
      0.05589732235219285,
      -0.1907971860807838,
      0.2134078771922045,
      -0.011920426618092617,
      -0.2890256608866797,
      -0.21426926900490945,
      0.13366613453396098,
      0.18615825911644315,
      -0.05056687667174116,
      0.12199354132693455,
      -0.2281553650586532,
      0.15986418646012798,
      0.2808450936251615,
      0.07116203323224685,
      0.4837497224704831,
      -0.213408883332507,
      0.2568505339469846,
      0.25440645442658727
    ],
    [
      0.16639746817785966,
      -0.30177312055478467,
      -0.2769574726775193,
      0.30366857726560825,
      -0.0030952841993067415,
      -0.04245483102903697,
      -0.2757760181263852,
      0.26784527188519897,
      0.29672941823308396,
      0.05404864438983918,
      0.027972167096513866,
      0.10828426925030485,
      0.1828380492192704,
      -0.3199191863253425,
      0.1317037688776472,
      -0.25198988893749086,
      -0.1745425891528614,
      -0.31224856244113913,
      -0.3386069856535923
    ],
    [
      -0.08127261033309419,
      -0.45733850223352635,
      -0.13633891329016298,
      0.14848205556361985,
      0.1893805010093972,
      0.10933576908522886,
      0.008350147246526475,
      0.23812386768750696,
      0.10780458029416133,
      -0.24078234625195719,
      -0.20847910959265906,
      0.23484562724807811,
      -0.1832293952624522,
      -0.17499081214844198,
      -0.08635254830134506,
      0.05804695206331516,
      0.36419796321840464,
      0.3080514754261928,
      0.4101685054133301
    ],
    [
      -0.24779600148077954,
      -0.30259794443568017,
      0.08280761452870067,
      0.02932632214242912,
      0.07134699304508435,
      -0.2445487733766049,
      -0.2605775052639341,
      -0.08614905134808526,
      -0.1886896134188743,
      -0.48131467497031283,
      -0.08581049264905061,
      0.1747155456036094,
      -0.15691973394068964,
      0.45697571271728044,
      -0.03724445950639905,
      0.09013853622582065,
      -0.16016790185611962,
      -0.0945165627076042,
      -0.3411616967439357
    ],
    [
      -0.11755153625434822,
      -0.03789281798519392,
      0.30311957318794175,
      -0.1806917006598442,
      -0.5086700958607011,
      -0.3648463717870846,
      -0.2226124618332887,
      0.11706919820164963,
      0.06293503214197749,
      -0.21311183761592087,
      0.26544857935338495,
      0.06411029438539118,
      0.18151680016413435,
      -0.1174316680826206,
      -0.03663812489610377,
      -0.28564082224903453,
      0.05234490506817597,
      -0.051987643493556494,
      0.38213914316442393
    ],
    [
      -0.18317252377153287,
      0.11536247877069292,
      -0.08572982380671687,
      -0.07541482454395781,
      -0.5159711708668264,
      0.3172911333735462,
      0.22019880515299337,
      0.3623312324046695,
      0.1837453492114056,
      -0.29032135863914266,
      0.0007906498252234703,
      -0.03733729291139352,
      0.015638999347067445,
      -0.08333628586559737,
      -0.14125236921334172,
      0.3659490935186401,
      -0.018892443127656533,
      0.08542048108050748,
      -0.3244585742817962
    ],
    [
      -0.17948639674204442,
      0.29965403570943494,
      -0.012576415497062045,
      0.11780200163186502,
      0.2069107354761728,
      0.4127640842435339,
      -0.2454915649043478,
      0.31807927138027603,
      -0.14099288965932172,
      -0.297899029461186,
      -0.006474375777967386,
      -0.28408880710806084,
      -0.09510673485771311,
      0.06660683574585945,
      0.16400049383758958,
      -0.16098583259233956,
      -0.2181518018183586,
      -0.2755148778431668,
      0.3319120794324439
    ],
    [
      -0.007513353046432365,
      0.2744408295998694,
      0.26449709781258646,
      0.40870672781695566,
      0.1556128973980032,
      0.1084125109692605,
      -0.289525494031097,
      0.09359966052143226,
      -0.24851617622966296,
      -0.012108899734171806,
      0.37248771025620003,
      0.18421149912545265,
      0.19289511121415231,
      -0.09776269170992262,
      -0.16158356786927824,
      0.020964254827512446,
      0.30256335494803305,
      0.30765997626784686,
      -0.25489090603994485
    ],
    [
      0.26411835892109037,
      -0.02062411975235991,
      0.27586736865920847,
      0.3194187546792305,
      -0.18259665464114488,
      -0.017469179782943,
      0.22720851107890064,
      0.1375935868937879,
      -0.4152720593176205,
      0.08075960239157937,
      -0.23819441498060348,
      0.374401469164138,
      -0.015668202400189922,
      -0.113946260747093,
      -0.09024482786986206,
      0.22660641755583005,
      -0.2839312676556543,
      -0.285883230786858,
      0.1911191153139437
    ],
    [
      0.1922663493711793,
      -0.32056906272411256,
      -0.0529827450591289,
      -0.011951639250932289,
      -0.24691957979311524,
      0.058430004664478195,
      0.06646136739366396,
      0.3407590031352966,
      -0.4850003493971268,
      0.1700985242380902,
      -0.0736423188832804,
      -0.35764734639050144,
      0.0605390544622009,
      0.27185486488757193,
      0.1527032228504417,
      -0.2901442840187031,
      0.15871740793511593,
      0.21952657052454919,
      -0.12826979553749449
    ],
    [
      0.028403685050611516,
      -0.35098657962655033,
      -0.2107132879175294,
      -0.24278722156799382,
      0.17890978507069755,
      0.10100170259813604,
      0.15003020949899024,
      -0.06824620770723737,
      -0.3329907042817317,
      -0.11568125092092768,
      0.6329624021116569,
      -0.08057426478393044,
      0.08337681166277763,
      -0.22937281340560534,
      -0.13747137639060875,
      0.21222208968204764,
      -0.148950530810868,
      -0.146313555987552,
      0.06918522513746231
    ]
  ],
  "mean": [
    -1.5872542993055465e-16,
    -1.7516986496513017e-16,
    -1.219107864865857e-16,
    -5.086579781434466e-17,
    6.150475004962362e-17,
    2.176536191842889e-17,
    2.4846789356756052e-17,
    -1.3602335662668325e-16,
    1.8779878485714425e-16,
    -4.074718706111843e-17,
    -7.915380463047549e-18,
    -3.466170638253886e-17,
    6.8650257241827344e-18,
    -4.8472033561406893e-17,
    3.964750627098096e-17,
    -4.384989240391615e-17,
    -6.106371712059752e-17,
    -7.88172268688503e-17,
    -4.9213858685448613e-17
  ],
  "rows": 19,
  "values": [
    461.3380954283911,
    414.5623022289479,
    329.83561250126223,
    327.17309335461783,
    286.7790145066505,
    262.0691451781834,
    253.84889873172582,
    233.81332673126582,
    229.48600462168386,
    222.48250800421488,
    169.86998336835117,
    161.4160647302548,
    143.190612350916,
    122.74799899304098,
    95.83732418517287,
    84.5460170680909,
    73.41728976751762,
    62.14852782141502,
    41.43534193727766
  ]
}
