{
  "bases": [
    [
      0.03545915887886581,
      -0.2841231799989656,
      0.40726249663338454,
      -0.4180658248686911,
      0.06738830051697706,
      0.0803013468658387,
      0.01963596947156471,
      -0.07898513964285701,
      -0.21089015960996468,
      0.024349340150325926,
      0.07963659639562179,
      0.086464310510642,
      -0.21504437031298157,
      -0.06629856964785306,
      -0.14118334631300922,
      0.6016609802392994,
      0.13001007638567966,
      0.032701121453847716,
      -0.22435535894215655
    ],
    [
      -0.01110548978270958,
      -0.11913112064749565,
      0.3012476427761934,
      -0.3842240579319857,
      0.06056391495535431,
      -0.24435422920220035,
      -0.31998408814750434,
      -0.31755420132502876,
      -0.0770314171008936,
      -0.16713804771207055,
      -0.019459469896744,
      -0.030975983811121585,
      0.4818846457258633,
      0.003966302036974165,
      0.12153448206630481,
      -0.39726696973994013,
      0.15040616932253223,
      0.12913668814331575,
      -0.03705459460932986
    ],
    [
      -0.08016847540651216,
      0.16989278300707739,
      -0.2059576136609635,
      0.07292039985808293,
      -0.048432452053214205,
      -0.3993391922702948,
      -0.40264336964148406,
      -0.1951254139476314,
      0.5239229184182496,
      0.07879200934767525,
      0.06861570311101382,
      0.003986059306296367,
      0.08823862732201479,
      -0.15306119020051726,
      -0.13421246466647757,
      0.43046174744419946,
      0.18369954793839507,
      -0.0305681598519814,
      -0.018138397359407657
    ],
    [
      -0.09732431382631923,
      0.06841098139030208,
      0.32823489653077687,
      -0.34403002268639227,
      -0.043446537390184295,
      -0.04100060988765485,
      -0.057554751213476744,
      0.16717809490364746,
      0.5034659322495076,
      0.3822866401084461,
      -0.019838334821669953,
      0.020240471828927672,
      -0.30731435324605444,
      0.32765556651310346,
      0.09168122319684302,
      -0.2084508156023291,
      -0.26297643485890065,
      0.0009155613147154053,
      0.041039300976210294
    ],
    [
      -0.0385063319410502,
      0.3353429745795542,
      -0.02575885397635959,
      -0.023885881757485114,
      0.0032037575383377873,
      0.15002316015163392,
      -0.3116414839032319,
      0.15067367383861952,
      -0.39356929452988704,
      0.5137442325557411,
      0.006059915333856919,
      -0.43870784869678714,
      0.18726173248586833,
      0.2279540722445617,
      0.007001219178944487,
      0.13299796109735834,
      0.16215223772153142,
      0.009759062579299578,
      0.0009010423272437645
    ],
    [
      -0.08719976731263589,
      0.33406942263662726,
      0.0592940141299795,
      -0.09963395071505629,
      -0.18338591606366003,
      0.22484031916546657,
      -0.2503528011551955,
      -0.3850802512236912,
      -0.1254188168288329,
      -0.0966840619213521,
      -0.4777071156246418,
      -0.048511787064014156,
      -0.3191291335741094,
      -0.33203235857915114,
      -0.1736507066637985,
      -0.07653548486148155,
      -0.2488677780835419,
      -0.03346767362321537,
      0.07357081032113148
    ],
    [
      0.055643778996352776,
      0.25331706392101805,
      -0.1113393957595209,
      -0.26484738804401087,
      -0.23958759412646674,
      0.3286764203237759,
      0.3784978759273882,
      -0.055797568054826455,
      0.19539175388029767,
      0.29190880498418564,
      -0.09312938777335383,
      0.3054543224252239,
      0.28357558163100827,
      -0.2641525214451983,
      0.1346965311281799,
      -0.019222093473378644,
      0.33783672013516414,
      0.13961986847008867,
      -0.10340908710597899
    ],
    [
      0.12227528331795648,
      0.15852605737153166,
      -0.2931887476376309,
      -0.29339710813738523,
      -0.23994269690412992,
      -0.2853696863426364,
      0.1247107414858337,
      -0.23558012517814625,
      -0.2858334465044147,
      0.1321198771558688,
      0.338073157159834,
      0.25050306675695905,
      0.026351500409390407,
      0.16870073379284617,
      -0.2028848019115377,
      -0.0537737088423677,
      -0.30086985404029554,
      -0.3652429399930904,
      -0.06695285012494376
    ],
    [
      0.07643784209123373,
      0.09427497389196718,
      -0.023204277832126856,
      -0.1347968457163405,
      -0.5946823424193473,
      -0.2996821130030029,
      0.07175682315714388,
      0.18845367828646276,
      -0.09385062675576718,
      -0.25554770202927596,
      0.0974738248986111,
      -0.26312825650591126,
      -0.3495676135251127,
      0.017368217367195037,
      0.07215546478783055,
      -0.07963614219329362,
      0.34246333130832224,
      0.27351364018057867,
      0.05875400697527312
    ],
    [
      0.31976084026483975,
      0.07284652393938802,
      0.2570112485766943,
      0.05543935521543971,
      -0.41028965599801315,
      0.14337436497690348,
      -0.1917833759239222,
      0.2592262092214127,
      0.06681365409308078,
      -0.23123739755139258,
      -0.019495706639031406,
      0.045232420321240585,
      0.3312876982681202,
      -0.024037852284165072,
      0.3254681927047073,
      0.27608346973547526,
      -0.3151519862117136,
      -0.2716291195828212,
      0.06708348431885071
    ],
    [
      0.4504475359025308,
      0.013092212509625382,
      -0.05078899763502861,
      0.1790660561627852,
      -0.054235813542751816,
      0.17834178643678558,
      -0.3833143251204409,
      0.027287610570230998,
      -0.021890185342892277,
      0.02535471191760249,
      0.07681187135317641,
      0.40479340575168493,
      -0.07998149924610679,
      0.22318292763745295,
      -0.2482630811464016,
      -0.1031093373096908,
      -0.02300704306296056,
      0.48456065682290206,
      -0.2125505158620663
    ],
    [
      0.5190967682413864,
      -0.12951792155917327,
      -0.010526808601034707,
      -0.11369363195853238,
      0.044294687364792765,
      0.14924022227637113,
      0.06157591060070787,
      -0.029592436468026787,
      0.21900197447982592,
      -0.05677711029264085,
      -0.1921939724762049,
      -0.2512946283830224,
      0.012010465372893797,
      0.15369043409320485,
      -0.4287996209268456,
      -0.11445738683089064,
      0.3240696981098199,
      -0.40332978379223483,
      0.17922309555122917
    ],
    [
      0.42073461983263405,
      0.1236004653450517,
      -0.15633961856904394,
      -0.1372599172005057,
      0.23405986106293297,
      -0.0007066224707219636,
      0.19298465540527354,
      -0.21007215991782946,
      0.15623725640679662,
      -0.0507208241975089,
      0.13277845365650373,
      -0.49732041359798596,
      -0.02224089846429288,
      -0.12259241959227353,
      0.2142619361363051,
      0.0641419224791997,
      -0.3269044672592351,
      0.25923538120712863,
      -0.31098103824300694
    ],
    [
      0.10105847785836469,
      0.04683771645099581,
      -0.2649720697358426,
      -0.34031797925076857,
      0.2975738130305693,
      0.21356675776749204,
      -0.33531864698113123,
      0.19652135951120397,
      -0.029825628460107004,
      -0.09989210753182662,
      0.3529598664416938,
      0.12590599915998488,
      -0.23781407198227786,
      -0.2880217810685498,
      0.2582680066032338,
      -0.07798503889403012,
      0.11253447200445575,
      -0.10388686347098541,
      0.3595735361838509
    ],
    [
      -0.18958577346278585,
      -0.12571271842129647,
      -0.3214493815274656,
      -0.3029118704866691,
      -0.008437728993411013,
      -0.0066690499054402,
      -0.14565174720682492,
      0.5283913042838083,
      0.03554301418605779,
      -0.14280984923244333,
      -0.24968998045877513,
      -0.06096120170770194,
      0.11917161184125626,
      -0.13502743646921075,
      -0.23511182104755987,
      -0.08949773016799098,
      -0.11950235429584083,
      -0.0687212775001686,
      -0.5001962950417371
    ],
    [
      0.23736845004984145,
      0.05708930507431989,
      -0.17876673362316203,
      -0.1825686901901252,
      0.23060965391231722,
      -0.3952325306908122,
      0.1044644534730889,
      0.13800974247381145,
      -0.16032172142247858,
      0.039081299852719194,
      -0.5753780636802724,
      0.2091713440826594,
      0.02208348167167125,
      0.15630144796846268,
      0.17744430031119424,
      0.21976264381808522,
      -0.054584288242113886,
      0.1806505293580727,
      0.30561762303468254
    ],
    [
      0.21505695270853362,
      0.3681561578854611,
      0.30680267273753564,
      0.20622595196434737,
      0.239070332304121,
      -0.28908238339515735,
      0.00046417349147798853,
      0.1395807282323295,
      -0.09843406808057487,
      0.04419841098371564,
      -0.04628115503641196,
      0.16131710662134582,
      -0.20870997946315042,
      -0.19825370515052157,
      0.1607771426047726,
      -0.17469756073621634,
      0.2403539101074295,
      -0.33207532399138234,
      -0.4174487118996546
    ],
    [
      -0.04110673167985365,
      0.44464317132342934,
      0.2997726865036324,
      -0.06951281115481062,
      0.18614609189446774,
      -0.08432707903805803,
      0.19367844712435392,
      0.27755133121076114,
      0.018718141241137423,
      -0.1822218643963281,
      0.21505858327449492,
      -0.007715878429708653,
      0.2164280836779979,
      -0.16367830273629774,
      -0.5028794964047826,
      0.028025085765083817,
      -0.14553429026802747,
      0.22469551154130402,
      0.26601011713827966
    ],
    [
      -0.2183480761270113,
      0.3965601150973006,
      -0.08648933579725084,
      -0.11771158205635991,
      0.15382694489601606,
      0.23060250508771282,
      0.03475884401039018,
      -0.1243046032159588,
      0.08422750973665434,
      -0.5008993538841603,
      -0.015574693142631699,
      0.07242945770520036,
      -0.02576831419790522,
      0.568598164045239,
      0.12090460146997396,
      0.14326457027346423,
      0.16369168986866006,
      -0.07090024745837033,
      -0.16066215854472368
    ]
  ],
  "mean": [
    -3.6059943990858816e-16,
    -1.2311714622335132e-17,
    -3.5361227845865777e-16,
    -1.5099878571404845e-16,
    -5.498357334470315e-17,
    -1.4493091119409831e-16,
    6.489030353633309e-17,
    -2.2055711952652992e-18,
    -3.0509063458141924e-17,
    4.384453745760059e-17,
    5.0926030444037554e-17,
    -5.9104484125478684e-18,
    1.3783439189482012e-18,
    -1.6804143728334286e-17,
    1.4305254806769796e-17,
    2.020802778555109e-17,
    7.215614928171693e-17,
    7.174744524501626e-17,
    -1.891468303223154e-17
  ],
  "rows": 19,
  "values": [
    1739.6427747511405,
    1583.8607380624596,
    1538.3829500162797,
    1486.1279927748449,
    1376.1570516954753,
    1290.734563951441,
    1275.9031215318375,
    1225.1919451512233,
    1104.4623460220853,
    1080.4749836460896,
    1048.2967134970431,
    883.4203843767689,
    727.6383749603275,
    673.3090412272278,
    603.1091531879596,
    507.08923223447005,
    457.3563324310212,
    390.92717162023104,
    350.6481514127752
  ]
}
