{
  "bases": [
    [
      0.11860983047019671,
      -0.12763002677551558,
      0.4283738482530692,
      -0.42101012592033266,
      0.22535241624892394,
      -0.18766656336991566,
      0.06952762642232736,
      0.12063031625292134,
      0.24582683973020547,
      -0.006505832722935637,
      -0.12182187435308817,
      -0.07971800218503022,
      0.0638734051330142,
      0.16225743407417526,
      0.13418561036635668,
      0.5971102142986153,
      -0.11173703991096699,
      -0.004998610837618336,
      -0.0660898998142425
    ],
    [
      -0.15964290462607467,
      0.2056477891561058,
      0.2768633183599416,
      -0.2742053932845918,
      -0.11342637658735746,
      -0.25323407432539746,
      -0.006302674421854067,
      -0.620471545065328,
      0.2520671088928291,
      -0.01658012586948561,
      0.07331982895461907,
      -0.15725282667967214,
      -0.13868959166117314,
      -0.14460209882413633,
      -0.07256800717430695,
      -0.3213322256193625,
      -0.2338504253538667,
      -0.11314556850843438,
      -0.09106882682174129
    ],
    [
      -0.03471046047940737,
      0.20248286454804215,
      0.03146309336653785,
      0.5199534447609764,
      -0.45836797092139214,
      -0.11248063471353228,
      -0.04519565831582939,
      -0.09485333533721088,
      0.39324413588681767,
      -0.04194861708186829,
      -0.17844425251047713,
      0.11823783088966974,
      -0.267191903108554,
      -0.011620230159973113,
      0.10522000263068824,
      0.3999021440468168,
      0.06828903227775071,
      0.02815967111938804,
      0.04962279139515758
    ],
    [
      -0.29080616147932725,
      0.17424944455084423,
      -0.03680598201614652,
      -0.19410445335874632,
      -0.08738446021226103,
      -0.13973659451886247,
      0.0017153990914302592,
      0.36113090551023425,
      0.46655171671506124,
      0.2592104403290185,
      -0.07534329242862206,
      0.32280767402453603,
      0.3675273241871594,
      -0.07355326104913724,
      -0.3027420221257141,
      -0.18065668231222254,
      0.16618697902154622,
      0.036241002354503386,
      0.0027175308888170565
    ],
    [
      -0.3224104580454463,
      -0.016721874520035533,
      -0.2099695027535073,
      -0.051899919482234075,
      -0.1922309586790633,
      0.01692828763124997,
      -0.21517623425173568,
      0.0493233266493141,
      0.010201387701046054,
      -0.5923976752306458,
      0.02026713154858277,
      -0.3366192041214746,
      0.28602478516213875,
      0.1792134209987093,
      -0.3091054242225083,
      0.17485906107267268,
      -0.2217695341667028,
      0.03160478599087765,
      0.08958672088487012
    ],
    [
      -0.3588359907911802,
      -0.1879962526189838,
      0.08860805851005513,
      -0.14681846205921875,
      -0.07057046123319319,
      -0.03626484789122937,
      0.04160497648515231,
      -0.10291983185121949,
      0.006270829189624993,
      -0.28275873281117814,
      0.07138356367251131,
      0.1550606399219335,
      -0.1127078729218906,
      0.4208998935904067,
      0.3262747745575245,
      -0.15124492021794742,
      0.5908886156156818,
      0.017491569736227574,
      -0.10045748759194176
    ],
    [
      -0.3181500961913546,
      -0.1437902904418619,
      -0.014562120468625123,
      -0.01728789540385295,
      -0.34986357695272574,
      0.10660945537465658,
      0.33461632260546154,
      0.22817868301798985,
      -0.02808895006768823,
      0.18561791046396356,
      0.15583065211962474,
      0.03625348833696225,
      0.036450115413522645,
      0.13105065256726892,
      0.42783963896188637,
      -0.08327547490455989,
      -0.5495609036731248,
      -0.07696636323894278,
      -0.050242309694170276
    ],
    [
      0.06405015665647759,
      0.4036013051505954,
      0.0412250715950553,
      -0.18001827570055395,
      -0.33987544591556107,
      0.06822014818032683,
      -0.08090051003151691,
      0.06511534198663758,
      -0.16488402188245033,
      0.3317876728170365,
      0.09423346517136538,
      -0.5578237328094703,
      0.17466210398790824,
      0.03495600315368118,
      0.19304768388758659,
      0.06938838457769643,
      0.30938018037646053,
      0.20183885868677648,
      0.01898043808256634
    ],
    [
      0.18550675990426008,
      0.3477975473577985,
      0.15317155259788998,
      -0.08882153270281934,
      -0.13034815758382554,
      0.04867875657924402,
      -0.4520697486796113,
      0.13569444187799087,
      -0.18550132801144192,
      0.045074127164474925,
      0.17175642674945724,
      0.31356543391354563,
      -0.13970663882230472,
      0.4677617248260579,
      -0.12283462346519922,
      -0.021971509092114143,
      -0.16476971068230958,
      -0.33710692565700134,
      -0.11039402184651986
    ],
    [
      -0.17077673751175063,
      -0.04242093983775384,
      0.5056349832691467,
      -0.01392645392104691,
      -0.18344708789777556,
      0.18379356182881257,
      -0.17207126014533522,
      -0.07660115273718557,
      -0.3254040057808016,
      -0.10579804353911859,
      0.16221364403029456,
      0.36668169807516265,
      0.1696703325520036,
      -0.3722642205557173,
      -0.02517464303639741,
      0.13238319706284005,
      -0.015373083158853204,
      0.3617601329322706,
      0.12562534427236727
    ],
    [
      -0.3139628422297667,
      -0.22693584713768636,
      0.23631596527831308,
      0.06287197741636259,
      -0.1162987532908019,
      0.1838221337517293,
      0.009929241236446135,
      0.14108624971669437,
      -0.1627722533469331,
      0.15674087014867152,
      -0.14783517998674015,
      -0.2355369031695323,
      -0.18173898862693408,
      -0.23239960568953869,
      -0.3070602503721832,
      0.1159193664419719,
      0.18781031318741193,
      -0.518256420763223,
      -0.3094990992054119
    ],
    [
      -0.2945914477920271,
      -0.16031746691437068,
      -0.16910652074811106,
      -0.25286798813580247,
      0.06852348381050843,
      -0.06005255498704566,
      -0.43045714841304966,
      0.14926250969735785,
      0.0011210101322651472,
      0.22344885680096405,
      -0.14022699187546214,
      -0.06641451041660032,
      -0.5639873114960394,
      -0.05522665146757941,
      0.023165223221497565,
      -0.0016338207207636096,
      -0.09677164094042717,
      0.24626763342749158,
      0.33676685305364523
    ],
    [
      -0.17178100822946762,
      0.02963147262788809,
      -0.5084347391778423,
      -0.17786077809672285,
      0.013268606067172875,
      -0.16829428839712368,
      -0.18611105381772403,
      -0.31820278981293604,
      -0.19926705556136148,
      0.16212889341690617,
      0.005197439195979467,
      0.24894498711236793,
      0.1858612111341753,
      -0.18790280988065267,
      0.18160379755886802,
      0.3765148894106454,
      0.006573878680876687,
      -0.10331717184279957,
      -0.3630108663206044
    ],
    [
      -0.27795255907941113,
      0.15258617243835393,
      0.09605913877833475,
      0.1739320661171709,
      0.12638763143400328,
      -0.3878300196937655,
      0.2702499816058465,
      -0.15810296056186657,
      -0.419854095750352,
      0.21318438396802444,
      -0.24376425273778246,
      0.04214906552975516,
      0.11926423830426987,
      0.28052694470409545,
      -0.1646897935402763,
      0.09519868013683098,
      -0.009788339638419807,
      -0.09261381746153528,
      0.4181650225957587
    ],
    [
      -0.18553239854715814,
      0.33496409490482665,
      0.12744016187385865,
      0.2016678744296319,
      0.25740425639604736,
      -0.3050224610790073,
      -0.0378582775414986,
      0.31590695317247486,
      -0.16775776771396791,
      -0.19833363850931554,
      -0.20059556277501125,
      -0.08422421719643615,
      -0.116638037800357,
      -0.08570022642235563,
      0.1328946817356394,
      -0.14964295956970114,
      -0.12085066400794804,
      0.2858763554993841,
      -0.5136101703878969
    ],
    [
      -0.1539501039066291,
      0.4140814754416513,
      -0.06410904309245569,
      -0.08910451929807484,
      0.23036431815588226,
      -0.00801511313909617,
      0.15448544604271663,
      0.20607509914781752,
      0.02694115997760007,
      -0.26335659893999047,
      0.38243659906490707,
      0.018899965143235723,
      -0.1561378849442573,
      -0.34371412211487967,
      0.20440302261313348,
      0.136488881159443,
      0.10392689388157514,
      -0.36870331536785483,
      0.3270366726746717
    ],
    [
      -0.14764227529984442,
      0.3119421428290672,
      -0.11983129873296891,
      -0.17067759118606418,
      0.1077961911356587,
      0.4953499515468246,
      0.41240453996448684,
      -0.144577621991424,
      0.013618924628583239,
      0.031982350262138436,
      0.0021362247831594947,
      0.10577371386719195,
      -0.2888930477044061,
      0.18369281536996984,
      -0.3218526543453335,
      0.19808935827049914,
      -0.03346286447638463,
      0.2962308768962394,
      -0.16771237024842242
    ],
    [
      -0.21054166334789653,
      0.1786111361314014,
      0.10302678624182594,
      0.13294212685081241,
      0.32501046193453226,
      0.5090400673395262,
      -0.27290976135448003,
      -0.16795633283722539,
      0.16580053773737882,
      0.05075925988157152,
      -0.4093442154012974,
      -0.03691587355005578,
      0.264192477799532,
      0.05070256063712234,
      0.33098145913874966,
      -0.07300325329300904,
      -0.07566151822629212,
      -0.1549228894883445,
      0.10988772310445717
    ],
    [
      -0.23809581111121386,
      -0.11775591576323916,
      0.08377961349693383,
      0.3863934618335943,
      0.3423010508060413,
      -0.031245860279044378,
      -0.1721618115524824,
      -0.08734315352004468,
      0.19046674042569792,
      0.289068852440211,
      0.6266986278064304,
      -0.15644321521608853,
      0.0666591515826161,
      0.17118843300040085,
      -0.09198760514318377,
      0.12075092059605845,
      -0.00842327094391057,
      0.1211494890499194,
      -0.09542830878770643
    ]
  ],
  "mean": [
    -3.3580401964444146e-17,
    7.745157227283086e-17,
    -3.2719614010862484e-17,
    -7.208373728139465e-17,
    -1.665479613559125e-17,
    -1.8057203475696203e-17,
    4.7585131815975e-18,
    -4.2098817583736827e-17,
    1.265648445007823e-16,
    -6.200574798215766e-17,
    3.218766639909854e-17,
    6.553594576931841e-17,
    1.3347049167895427e-17,
    -4.751259350527992e-17,
    -1.7022323576446341e-18,
    -6.364027791648689e-18,
    1.1581950274315054e-18,
    -1.1170899847042912e-17,
    -2.9170072674183046e-17
  ],
  "rows": 19,
  "values": [
    246.81645135559017,
    199.16971661661074,
    158.30289119888684,
    127.52394178680053,
    125.64388605526901,
    107.4437686088029,
    98.79006604172909,
    92.15561314343685,
    87.68342300799651,
    75.62618293345781,
    65.61709148606707,
    59.540582306282296,
    51.30511585781704,
    48.56304532935623,
    38.90098076560776,
    35.64889308491828,
    28.09154641204537,
    21.723175456366317,
    17.75069527635499
  ]
}
